1737356816844 6.741376182617387e-06 0
1737356839756 0.0005280772456899285 500
1737356862930 0.0005202528554946184 1000
1737356885889 0.0003870454092975706 1500
1737356909454 0.00030090039945207536 2000
1737356931982 0.0002200058224843815 2500
1737356954807 0.00015661536599509418 3000
1737356977154 0.00011513964273035526 3500
1737357000578 0.00010680086415959522 4000
1737357025655 0.00010072007717099041 4500
1737357048652 9.648182458477095e-05 5000
1737357071864 9.629008854972199e-05 5500
1737357095688 9.387166210217401e-05 6000
1737357118446 8.596695988671854e-05 6500
1737357143211 7.81394264777191e-05 7000
1737357167562 7.18357041478157e-05 7500
1737357190655 6.535913416882977e-05 8000
1737357214548 6.102729093981907e-05 8500
1737357238023 5.786632027593441e-05 9000
1737357262626 5.526756649487652e-05 9500
1737357287108 5.335491368896328e-05 9999
