1737356816844 0.1276146024465561 0
1737356839756 0.0014301709597930312 500
1737356862929 0.0011503550922498107 1000
1737356885889 0.0008067642920650542 1500
1737356909454 0.0007856225711293519 2000
1737356931982 0.0007280026329681277 2500
1737356954806 0.0005787786212749779 3000
1737356977154 0.0004809520614799112 3500
1737357000578 0.00046786165330559015 4000
1737357025655 0.00045150669757276773 4500
1737357048652 0.00045262707863003016 5000
1737357071864 0.00044832113781012595 5500
1737357095687 0.0004583337577059865 6000
1737357118446 0.0004885211237706244 6500
1737357143210 0.0004322031745687127 7000
1737357167561 0.0004112983006052673 7500
1737357190654 0.00040715854265727103 8000
1737357214548 0.00038564755232073367 8500
1737357238023 0.0003731151227839291 9000
1737357262626 0.00037657120265066624 9500
1737357287108 0.0003514197305776179 9999
