1737356816843 2.502663846826181e-06 0
1737356839755 0.0016057424945756793 500
1737356862929 0.0015291672898456454 1000
1737356885888 0.0012912317179143429 1500
1737356909453 0.0011526623275130987 2000
1737356931981 0.0010599264642223716 2500
1737356954806 0.0009911328088492155 3000
1737356977154 0.000940487312618643 3500
1737357000577 0.0008908589952625334 4000
1737357025654 0.0008333397563546896 4500
1737357048651 0.0007755142287351191 5000
1737357071864 0.0007316189585253596 5500
1737357095687 0.0006985007785260677 6000
1737357118445 0.0006624432862736285 6500
1737357143210 0.0006325175636447966 7000
1737357167561 0.0006208698614500463 7500
1737357190654 0.0006107627414166927 8000
1737357214547 0.0006141178891994059 8500
1737357238023 0.0006178010371513665 9000
1737357262625 0.0006142504280433059 9500
1737357287108 0.0006081074825488031 9999
