1737356816843 0.12762384116649628 0
1737356839755 0.003563990816473961 500
1737356862928 0.0031997752375900745 1000
1737356885887 0.0024850412737578154 1500
1737356909453 0.0022391851525753736 2000
1737356931981 0.0020079349633306265 2500
1737356954805 0.0017265267670154572 3000
1737356977153 0.001536578987725079 3500
1737357000577 0.0014655215200036764 4000
1737357025653 0.001385566545650363 4500
1737357048650 0.0013246232410892844 5000
1737357071863 0.0012762302067130804 5500
1737357095686 0.001250706147402525 6000
1737357118444 0.0012369314208626747 6500
1737357143209 0.0011428602738305926 7000
1737357167560 0.0011040038662031293 7500
1737357190653 0.0010832804255187511 8000
1737357214546 0.0010607927106320858 8500
1737357238022 0.0010487824911251664 9000
1737357262625 0.0010460892226547003 9500
1737357287107 0.0010128821013495326 9999
