1737354226654 0.1322554051876068 0
1737354250924 0.0017365687526762486 500
1737354272509 0.0012865531025454402 1000
1737354294671 0.001170173636637628 1500
1737354317056 0.0011131026549264789 2000
1737354338627 0.0011364994570612907 2500
1737354360527 0.0011398885399103165 3000
1737354381837 0.0010718731209635735 3500
1737354402875 0.001029372331686318 4000
1737354423793 0.0010738297132775187 4500
1737354445104 0.0009875302202999592 5000
1737354466331 0.0009623958612792194 5500
1737354487904 0.0008980273851193488 6000
1737354508865 0.0008405705448240042 6500
1737354529373 0.0007740201544947922 7000
1737354549228 0.0007459235494025052 7500
1737354569431 0.0007007505046203732 8000
1737354590627 0.0006798695540055633 8500
1737354611435 0.0006507666548714042 9000
1737354632856 0.0006401939899660647 9500
1737354653813 0.000623125524725765 9999
