1737354226653 0.0023891853634268045 0
1737354250923 0.0014848115388303995 500
1737354272508 0.0011855699121952057 1000
1737354294671 0.0011102858697995543 1500
1737354317056 0.001066791359335184 2000
1737354338627 0.0010388948721811175 2500
1737354360526 0.0010356655111536384 3000
1737354381836 0.001017328235320747 3500
1737354402874 0.0010181806283071637 4000
1737354423793 0.0009895272087305784 4500
1737354445103 0.0009318008087575436 5000
1737354466331 0.000830912496894598 5500
1737354487903 0.000686200219206512 6000
1737354508865 0.0005532740033231676 6500
1737354529372 0.0004871595010627061 7000
1737354549227 0.0004353111144155264 7500
1737354569430 0.0003950117970816791 8000
1737354590626 0.0003681945090647787 8500
1737354611435 0.00034815885010175407 9000
1737354632856 0.0003292214823886752 9500
1737354653813 0.00031012779800221324 9999
