1737354226653 0.13464459776878357 0
1737354250923 0.003221380291506648 500
1737354272507 0.0024721231311559677 1000
1737354294670 0.0022804595064371824 1500
1737354317055 0.002179894130676985 2000
1737354338626 0.00217539444565773 2500
1737354360525 0.0021755541674792767 3000
1737354381836 0.002089201472699642 3500
1737354402874 0.0020475529599934816 4000
1737354423792 0.0020633568055927753 4500
1737354445102 0.0019193310290575027 5000
1737354466330 0.0017933084163814783 5500
1737354487903 0.0015842276625335217 6000
1737354508864 0.0013938446063548326 6500
1737354529372 0.0012611796846613288 7000
1737354549226 0.0011812346056103706 7500
1737354569429 0.0010957622434943914 8000
1737354590625 0.0010480640921741724 8500
1737354611434 0.0009989255340769887 9000
1737354632855 0.0009694154723547399 9500
1737354653812 0.0009332533227279782 9999
