1737354687693 0.14082330465316772 0
1737354712795 0.002371901646256447 500
1737354734171 0.0021940176375210285 1000
1737354759594 0.0021220198832452297 1500
1737354780833 0.0020453932229429483 2000
1737354801568 0.0019304908346384764 2500
1737354822506 0.0018665194511413574 3000
1737354845274 0.0018303848337382078 3500
1737354867833 0.0017796544125303626 4000
1737354888926 0.0018094094702973962 4500
1737354909714 0.0017949495231732726 5000
1737354930482 0.0017579387640580535 5500
1737354951512 0.0018740447703748941 6000
1737354972705 0.001781380851753056 6500
1737354994915 0.001767085981555283 7000
1737355018236 0.0017778180772438645 7500
1737355042115 0.0017674006521701813 8000
1737355063682 0.0018037677509710193 8500
1737355089250 0.001779415411874652 9000
1737355109650 0.0017986546736210585 9500
1737355130232 0.001773845637217164 9999
