1737354687692 3.370310878381133e-06 0
1737354712795 0.0012860781280323863 500
1737354734170 0.001249717315658927 1000
1737354759593 0.001119612017646432 1500
1737354780833 0.0009360728436149657 2000
1737354801567 0.0008555121021345258 2500
1737354822506 0.0008095433004200459 3000
1737354845274 0.0007720357971265912 3500
1737354867832 0.0007429826073348522 4000
1737354888925 0.000712660897988826 4500
1737354909714 0.0006898056017234921 5000
1737354930482 0.0006734516355209053 5500
1737354951512 0.0006583169451914728 6000
1737354972705 0.0006486764759756625 6500
1737354994914 0.00063724210485816 7000
1737355018235 0.0006254494655877352 7500
1737355042114 0.0006117003504186869 8000
1737355063682 0.0005948336911387742 8500
1737355089249 0.000576528487727046 9000
1737355109650 0.00056071748258546 9500
1737355130232 0.0005485066212713718 9999
