1737354687692 0.14082667231559753 0
1737354712794 0.003657979890704155 500
1737354734169 0.0034437349531799555 1000
1737354759593 0.0032416319008916616 1500
1737354780832 0.002981466008350253 2000
1737354801567 0.002786003053188324 2500
1737354822505 0.0026760627515614033 3000
1737354845273 0.002602420747280121 3500
1737354867832 0.0025226371362805367 4000
1737354888924 0.002522070426493883 4500
1737354909713 0.0024847551248967648 5000
1737354930481 0.002431390341371298 5500
1737354951511 0.002532361773774028 6000
1737354972704 0.0024300573859363794 6500
1737354994913 0.0024043279699981213 7000
1737355018234 0.0024032676592469215 7500
1737355042113 0.002379101002588868 8000
1737355063681 0.0023986015003174543 8500
1737355089248 0.002355943899601698 9000
1737355109648 0.0023593720979988575 9500
1737355130231 0.002322352258488536 9999
