1737430497969 1.9339599020895548e-05 0
1737430521831 0.00038622526335529983 500
1737430544355 0.00032820968772284687 1000
1737430566596 0.0002550819772295654 1500
1737430588579 0.00020664060139097273 2000
1737430610949 0.0001699686690699309 2500
1737430634472 0.00012962341133970767 3000
1737430658604 0.00010657255916157737 3500
1737430681341 8.955534576671198e-05 4000
1737430704501 7.147386349970475e-05 4500
1737430727946 5.642686664941721e-05 5000
1737430751286 4.736917617265135e-05 5500
1737430774167 4.056535544805229e-05 6000
1737430796401 3.47485147358384e-05 6500
1737430819079 2.8575739634106867e-05 7000
1737430841410 2.2501099010696635e-05 7500
1737430864698 1.7563250366947614e-05 8000
1737430887368 1.3353868780541234e-05 8500
1737430911390 1.0759064025478438e-05 9000
1737430935291 9.052984751178883e-06 9500
1737430958410 8.078691280388739e-06 9999
