1737430497968 0.12811322510242462 0
1737430521831 0.0010069286217913032 500
1737430544354 0.0008891658508218825 1000
1737430566596 0.0006589690456166863 1500
1737430588578 0.0006080172606743872 2000
1737430610949 0.0005727740353904665 2500
1737430634471 0.00045245359069667757 3000
1737430658603 0.0004149902379140258 3500
1737430681341 0.0004309969663154334 4000
1737430704501 0.00038572135963477194 4500
1737430727946 0.0003758964012376964 5000
1737430751285 0.0003671999438665807 5500
1737430774167 0.00036161841126158834 6000
1737430796401 0.0003449561772868037 6500
1737430819078 0.0003194289456587285 7000
1737430841409 0.0003013222012668848 7500
1737430864698 0.00030445909942500293 8000
1737430887367 0.00027256080647930503 8500
1737430911390 0.0002598301216494292 9000
1737430935291 0.0002602633030619472 9500
1737430958410 0.00023323313507717103 9999
