1737430497968 6.826052413089201e-06 0
1737430521830 0.001864453312009573 500
1737430544354 0.0013953220332041383 1000
1737430566595 0.0012198309414088726 1500
1737430588578 0.0011615066323429346 2000
1737430610948 0.0011097992537543178 2500
1737430634471 0.001023417105898261 3000
1737430658603 0.0009243884705938399 3500
1737430681340 0.000836144492495805 4000
1737430704501 0.0007681399583816528 4500
1737430727945 0.0007110172300599515 5000
1737430751285 0.0006826292956247926 5500
1737430774167 0.0006650956929661334 6000
1737430796401 0.0006456008995883167 6500
1737430819078 0.0006276210187934339 7000
1737430841409 0.0006090100505389273 7500
1737430864698 0.0005941130802966654 8000
1737430887367 0.0005764834932051599 8500
1737430911389 0.0005663202609866858 9000
1737430935290 0.0005524815642274916 9500
1737430958409 0.0005513170035555959 9999
