1737430497967 0.12813939154148102 0
1737430521830 0.0032576073426753283 500
1737430544353 0.002612697659060359 1000
1737430566595 0.0021338819060474634 1500
1737430588577 0.001976164523512125 2000
1737430610948 0.0018525419291108847 2500
1737430634470 0.0016054941806942225 3000
1737430658602 0.0014459512894973159 3500
1737430681340 0.0013566968264058232 4000
1737430704500 0.001225335174240172 4500
1737430727945 0.0011433404870331287 5000
1737430751284 0.0010971983429044485 5500
1737430774166 0.0010672794887796044 6000
1737430796400 0.0010253054788336158 6500
1737430819077 0.0009756256476975977 7000
1737430841408 0.0009328333544544876 7500
1737430864697 0.0009161353809759021 8000
1737430887366 0.0008623981848359108 8500
1737430911389 0.0008369094575755298 9000
1737430935289 0.0008217978174798191 9500
1737430958409 0.0007926288526505232 9999
